		       1       1      0.000
		       1       2      0.000
		      30       1      0.000
		      30       2      0.000
		      50       1      0.000
		      50       2      0.000
		      51       1      0.000
		      51       2      0.000
		      52       1      0.000
		      52       2      0.000
		      53       1      0.000
		      53       2      0.000
		      54       1      0.000
		      54       2      0.000
		      55       1      0.000
		      55       2      0.000
		      56       1      0.000
		      56       2      0.000
